[array([-0.86844317,  1.2545839 ,  1.55341883,  0.34722508,  0.74506767,
       -0.29309485,  0.30388492, -0.26509263, -0.06272044, -1.03283784,
       -1.72611477,  0.22145298,  0.23571896, -0.47739405, -1.38510306,
       -0.25276216, -0.17403654,  0.02085953,  1.05102255, -0.43579881,
        0.73481788,  0.03215731, -0.01444534,  0.85417494,  0.08936553,
        0.45798484,  0.56857432,  1.0336948 , -0.57274653, -0.57473836,
        0.72870899, -0.82471668,  0.22873537,  0.51973923, -0.13015213,
       -1.46261265, -1.74779488,  0.20005315,  0.10234274, -0.87865064]), array([ 0.73884107,  0.97887013,  1.12489175,  0.72743047, -0.15050321,
       -0.41072577,  1.11245966,  0.42390425,  1.13913723, -0.02026612,
       -0.80236926, -1.00660018, -0.24524363,  1.08144193,  0.94727177,
        2.0388634 ,  1.5930302 ,  0.14482128, -0.75982048,  0.61052257,
       -0.00600332,  1.08945452, -0.5119614 , -2.02892682,  1.29310526,
        0.47731636, -0.64081868,  0.05567832,  0.17667466,  0.55673305,
        0.56395063, -0.46652479, -0.18790571,  0.60859505,  0.45103116,
        0.92352138,  0.31653567, -0.57263502,  0.09355726,  2.02015951]), array([-0.5257642 , -0.47855532,  0.66610428,  0.73215921, -2.50582252,
        0.10252155,  0.69052003,  1.76996795,  0.5070825 ,  1.55713327,
       -2.6777341 ,  1.90022375,  0.94143515, -0.93556033, -0.41835954,
       -0.89271838, -0.0886793 , -0.16462512, -1.0057008 , -0.47973893,
       -0.99383412,  1.47602743,  0.21326142, -0.10192966,  1.03543491,
        1.11772841,  1.18445225, -0.09517773, -0.78058026, -1.05917342,
        1.06407483, -1.53431948, -0.0108206 ,  1.67673501,  0.6413254 ,
        0.82235911,  1.66786625, -0.63037316, -0.35314556, -0.36595598]), array([-0.84730102,  1.26725165,  1.5548849 ,  0.33290645,  0.7370553 ,
        1.07224521,  0.30641892, -0.24967466, -0.06886719, -1.05243998,
        1.00893352,  0.49307869, -0.97478195, -0.45447741, -1.13322688,
       -0.25058672, -0.1538076 ,  0.02628846,  1.03917169, -0.4195537 ,
        0.72122024,  0.02918817, -0.03461061,  0.81774176, -1.20812174,
        0.44266298,  0.55091881,  1.02630716, -0.59212282, -0.56786775,
       -0.69724738, -0.8276138 ,  0.22120661,  0.50992071, -0.13295595,
       -1.4591805 , -1.72800598,  0.21395378,  0.10396106,  1.30089229]), array([-0.51720303, -0.38451704,  0.67592574,  0.73521782, -0.40605508,
        0.12616873,  0.70182824,  1.74955513,  0.51091894,  1.55026223,
       -2.68303683,  1.91997682,  0.91055448, -0.94711111, -0.42241293,
       -0.88794359, -0.09379172, -0.15123187, -1.00817879, -0.46865375,
        1.76180033, -0.7018242 ,  0.22558943, -0.10199548,  1.02252386,
        1.11961329,  1.18574973,  0.32357443, -0.28339653,  0.92683198,
        1.07501504, -0.77435119,  0.00502757,  1.68929957,  0.71730841,
        0.85652968,  1.67226326, -0.64081489, -0.37947385, -0.36566267]), array([ 0.73377081,  0.99479149,  1.11516138,  0.71543642, -0.14548345,
       -0.38885212,  1.11356645,  0.44022005,  1.14396898, -0.00817064,
       -0.79992924, -1.00155714, -0.2642177 ,  1.08370379,  0.93546177,
        2.04084814,  1.59035464,  0.51673004, -0.76620143,  0.62084746,
       -0.02100588,  1.09017824, -0.52123264, -2.0319352 ,  1.29230825,
        0.46752919, -0.65444776,  0.05174213, -1.68388711,  0.78769003,
        0.57731443, -0.16080466, -0.17621178,  0.60789884,  0.44250305,
       -1.3104929 ,  0.30253849, -0.58178753,  0.09201953,  2.02555349]), array([-1.0596051 ,  0.39729596,  0.67575605,  0.7084445 , -2.49763949,
        0.11270039, -0.11115857,  1.76373501,  0.50953089,  1.5642305 ,
       -0.59018825,  1.91833141,  0.92200888, -0.92182777, -0.42696998,
       -0.91813241, -0.08409679, -0.16097815, -1.24222852, -0.47479407,
       -0.17761798,  1.48209472,  0.23214422, -0.10221642,  1.04615429,
        1.12426707,  1.17903015,  0.33157339, -0.28437116,  0.91377777,
        1.05728888, -0.78864228, -0.00538376,  1.6731133 ,  0.7267015 ,
        0.82407961,  1.67860545, -0.63132191, -0.36449605, -0.34551853]), array([-0.51128718, -0.38214665,  0.67390235,  0.73551475, -2.49218133,
        0.11985986,  0.70965613,  1.75380025,  0.51983762,  1.56373546,
       -2.67865322,  1.90764391,  0.92598553, -0.6608735 ,  0.44643849,
       -0.89499277, -0.10063324, -0.15927707, -0.99392973, -0.4634728 ,
        1.76456538,  1.46590932,  0.21464681, -0.09682414,  1.03670539,
        1.13576033,  1.201067  ,  0.32156363, -0.26723993,  0.90867292,
        1.04175176, -0.80857434, -0.03358904,  1.6700973 ,  0.70170451,
        0.84493455,  1.68152358, -0.64922663, -0.36407278,  0.49027942]), array([-0.53010431, -0.37134429,  0.69189   ,  0.73128168, -2.51629092,
        0.11990351,  0.71672486,  1.77185774,  0.49119736,  1.55165735,
       -2.69875822,  1.9180301 ,  0.94717764, -0.91658586, -0.42610187,
       -0.86809576, -0.10262826, -0.15110093, -0.35367421, -0.46950503,
        1.76208945,  1.48970269,  0.25432092, -0.08002852,  1.03114833,
        1.10822748,  1.18579983,  0.29713059, -0.27751137,  0.91054692,
        1.07115559, -0.79592531, -0.01995995,  1.66985115,  0.52103155,
        0.84778481,  1.683641  , -0.64273863, -0.37356583, -0.35147944]), array([-0.51821938, -0.37283414,  0.66727793,  0.72935085, -2.51237903,
        0.10807566,  0.70592892,  1.76980021,  0.986265  ,  1.53368326,
       -2.6649491 ,  1.92919395, -0.19923063, -0.9217989 , -0.39439078,
       -0.89671729, -0.09832261, -0.16415332, -0.99608657, -0.48080604,
        1.75202989,  1.49814363,  0.23466269, -0.09553519,  1.03643352,
        1.13856826,  1.18041549,  0.31693185, -0.2971459 ,  0.91640933,
        1.05191281, -0.78753991,  0.10255996,  1.69119014,  0.45507023,
        0.83725432,  1.68249154, -0.64299269, -0.37659704, -0.36026261]), array([-0.52647983, -0.37187567,  0.68494522,  0.72741224, -2.51000851,
        0.11282983,  0.17772632,  1.7716264 ,  0.48797345,  1.55221099,
       -2.68918206,  1.92150273,  0.91995018, -0.92859169, -0.42726007,
       -0.88045277, -0.0866745 , -0.1524879 , -0.97950999, -0.47466692,
        1.74800239,  1.49451046,  0.225072  , -0.10610357,  1.02342785,
        1.13519507,  1.17787075,  0.33069836, -0.26794605, -2.99546591,
        1.08197272, -0.77634443,  1.32887425,  1.67462909,  0.72931071,
       -0.73113931,  1.68137154, -0.65328528, -0.36661004, -0.34738125]), array([ 0.70962208,  0.97441074,  1.11802113,  0.70718112, -0.15221772,
       -0.37738078,  1.1253135 ,  0.42189975,  1.14893711, -0.01080687,
       -0.80713375, -0.98544119, -0.23974547,  1.05659669,  0.93273063,
       -0.61187406,  1.60726678,  0.16120669, -0.76707533,  1.29122347,
       -0.02647063,  1.08218191,  0.11569023, -0.49744546,  1.30140462,
        0.49402793, -0.66335359,  0.04761791, -2.64639739,  0.79610216,
        0.5666279 , -0.6224765 , -0.19919092,  0.60794826,  0.44925684,
        0.92441583,  0.30830223, -0.58410538,  0.07978388,  2.02551182]), array([-0.50982972, -0.37385838,  0.66756267,  0.74265518, -2.51194357,
        0.10525047,  0.69381622,  1.77293297,  0.49386941,  1.56607094,
       -1.50889064,  1.90980354,  0.93708772, -0.92976529, -0.42635628,
       -0.89657498, -0.08182126, -0.16729616, -1.00226482, -0.48274625,
        1.769522  ,  1.46811376,  0.23904006,  2.13820802,  1.0400822 ,
        1.1309158 ,  1.18909306,  0.34094177, -0.27722651,  0.90815391,
        1.05826035, -0.79626963, -0.00606251,  1.67445373,  0.71569909,
        0.83444928,  1.66766931, -0.63014983, -0.3718081 , -0.37363934]), array([ 0.71808335,  0.97240471,  1.11566699,  0.7244777 , -0.6936585 ,
       -0.39396183,  0.59183311,  0.41721885,  1.10995306, -0.30609567,
        0.73818093, -0.98878927, -0.24098134,  1.07482176,  0.92516085,
        2.05250012,  1.61260376,  0.16003753, -0.76295547,  0.60006456,
       -0.00621852,  1.09620444,  0.45581418, -2.05280282,  1.29642557,
        0.4710551 , -0.6444337 ,  0.0674264 , -2.63645717, -2.44226488,
        0.56374209, -0.62910128, -0.19768533,  0.59976185,  0.45194997,
        0.92262115,  0.31586381, -0.57937458,  0.08224155,  2.02568777]), array([-0.51481072, -0.37650152,  0.67864852,  0.70555393, -2.50551967,
       -0.83890951,  0.71655428,  1.76565337,  0.5138339 ,  1.54813624,
       -2.66558097,  1.92808205,  0.92456591, -0.93516477,  2.11191623,
       -0.87458729, -0.06472605, -0.16050966, -0.99117822, -0.47387965,
        1.77059449,  1.49777341,  0.21935754, -0.10049534,  1.04872901,
        1.1377114 ,  1.1788254 ,  0.31950742, -0.27573438,  0.91043338,
        1.07687704,  0.31675257, -0.01052868, -0.7104813 ,  0.7315149 ,
        0.82923381,  1.66964257,  0.1340528 , -0.34601685, -0.35775734]), array([-0.51974799, -0.37575174,  0.67268144,  0.72553148, -2.51107662,
        0.11023563,  0.7045862 ,  1.76263731,  0.53275228,  1.54124424,
       -2.68930462,  1.91825806,  0.90640441, -0.92600123, -0.41222234,
       -0.89491318, -0.08706172, -0.16249367, -0.99071621, -0.48619574,
        1.7722659 ,  1.48524117,  0.22362513, -0.10102299,  1.04915272,
        1.10541697,  1.19185731,  0.34594447, -0.27742058,  0.90343359,
        1.06793109, -0.79020729,  0.00302947,  1.68313313,  1.09133608,
        0.86057276,  1.67362545, -0.65765321, -0.34337788, -0.35057934])] | [0.0006992468930896862, 0.0006931298288038279, 0.0007114520271149925, 0.0006910477996262542, 0.0007090838919027975, 0.0007125734434479621, 0.0007124234971231368, 0.0006927261327477067, 0.0007152177612666896, 0.0007057257991950194, 0.0007191391604535995, 0.0006979048489570507, 0.0007044377597170706, 0.0006928049935169816, 0.0007126097961559861, 0.0007235331597622855]
[array([-0.05081357, -0.36414581,  0.66881896,  0.72529287,  0.09091382,
        0.10122164,  0.70322036,  1.7507317 ,  0.53941577,  1.53299424,
       -2.7040646 ,  0.59421621,  0.90729389, -0.92483685, -0.41705519,
       -0.90329447, -0.09359919, -0.16147907, -1.00012387, -0.0252556 ,
        1.77716237,  1.47680075,  0.22158583, -0.097658  ,  1.06802026,
        1.10618312,  1.22375531,  0.34740692, -0.28755689,  0.91770988,
       -0.04353642, -0.80378655,  0.01668507,  1.69091195,  1.07537458,
        0.85107594,  1.68492493,  1.24523605, -0.35984989, -0.34616144]), array([-0.53271384, -0.36052642,  0.68915286,  0.7192759 , -2.51596589,
        0.11348735,  0.15077324,  1.77087154,  0.48569878,  1.55103584,
       -2.68630903,  1.91804458,  0.90561508, -0.90944671, -0.41280578,
       -0.97743073, -0.09847236, -0.14200684, -0.1644388 , -0.48489146,
        1.75086285,  1.50709548,  0.23337104, -0.13346779,  1.03250668,
        1.13835195,  1.16937362,  1.28474578, -0.25468421, -2.99480622,
        1.07773824, -0.78733356,  1.32595052,  1.67812766,  0.73062261,
       -0.73978415,  1.68370303,  1.57873205, -0.37523538, -0.36500056]), array([-0.51954326, -0.38908354,  0.68876138,  0.72776744, -2.50296232,
        0.09287616,  0.17838117,  1.78326384,  0.47033467, -0.56960692,
       -2.69257818,  1.90916643,  0.92567906, -0.92924795, -0.45518167,
       -0.86770473, -0.08744242, -0.14368833, -0.97484697, -0.48652267,
        1.75221872,  1.50365138,  0.23494065, -0.12206715,  1.01919754,
        1.12614728,  1.18683084,  0.33084158, -0.14225504, -2.99522984,
       -0.28383163, -0.78428233,  1.33255064,  1.6863943 ,  0.71893839,
       -0.72349676,  1.68617099, -0.66933649, -0.34361829, -0.35445447]), array([-0.52340165, -0.36823019,  0.69786191,  0.7244784 , -2.5362618 ,
        0.1229808 ,  0.17236076,  1.78025549,  0.49600582,  1.54806871,
        0.34947809,  1.93747123,  0.92192421, -0.93731335, -2.32481576,
       -0.87045947, -0.07399112, -0.15177494, -0.98360228, -0.46602223,
        1.74769332,  1.49461248,  0.22735819, -0.11408677,  1.03294771,
        1.1473045 ,  1.17331385,  0.33179904, -0.2763676 ,  0.22226307,
        1.09820406, -0.7793995 ,  1.32252014,  1.6518334 ,  0.72037481,
       -0.73787458,  1.69003959,  0.3572761 , -0.06405125, -0.34874404]), array([-5.10985244e-01, -3.80080207e-01,  6.63501444e-01,  7.22445093e-01,
       -2.50284128e+00,  1.06923494e-01,  7.04776714e-01,  1.76182664e+00,
        5.42053691e-01,  1.54821959e+00, -2.68912132e+00,  1.92801423e+00,
        9.01140403e-01, -9.50742963e-01, -3.97833602e-01, -8.73066174e-01,
       -9.13186014e-02, -1.88015930e-01, -1.00761138e+00, -4.86576479e-01,
        1.76483672e+00,  1.47871961e+00,  2.20055435e-01, -9.08636677e-02,
        1.03803798e+00,  1.10466301e+00,  1.20100684e+00,  3.47298109e-01,
       -2.86615902e-01,  9.04150116e-01,  1.06358032e+00, -7.78921922e-01,
       -1.84173967e-03,  1.69836340e+00,  1.08131897e+00,  8.54962977e-01,
        1.67137453e+00, -6.61922594e-01, -3.31180755e-01, -3.56887388e-01]), array([-0.50952709, -0.38599391,  0.67816683,  0.69108716, -2.51671943,
        0.12814997,  0.70124646,  1.77421055,  0.53562799,  1.54705315,
       -2.69602044,  1.91547802,  0.91625307, -0.91535366, -0.41187327,
       -0.90078544, -0.11242379, -0.14880816, -0.99115171, -0.47506705,
        1.7849532 ,  1.47581403, -0.36882524, -0.09240203,  1.05462783,
        1.10561158,  1.17422747,  0.3497765 , -0.26202844,  0.90538227,
        1.08101119, -0.78518925,  0.00709916,  1.67813337,  1.09640388,
        0.864726  ,  1.68173905, -0.65825361, -0.33239016, -0.35234592]), array([-0.52348705, -0.37967665, -1.33241154,  0.72432383, -2.51370233,
        0.1206523 ,  0.19625722,  1.79841573,  0.48976674,  1.57149942,
       -2.68930821,  1.92305208,  0.92823798, -0.93173041, -0.41408735,
       -0.87445364, -0.08208559, -0.1449144 , -0.98536989, -0.45637097,
        1.753596  ,  1.48374373,  0.21087286, -0.09102259,  1.02355258,
        1.10954196,  1.19018578,  0.32658079, -0.26407762, -2.99739136,
        1.07889626, -0.7629295 ,  1.33771684,  1.6656626 ,  0.72074563,
       -0.7361181 , -0.43662156, -0.65402917, -0.35252948, -0.3336779 ]), array([-0.53402334,  0.74981678,  0.68130214,  0.73243642, -2.50211251,
        0.11794197,  0.7052326 ,  0.08165154,  0.49573909,  1.570311  ,
       -2.69492495,  1.93540821,  0.93326998, -0.92902881, -0.44192144,
       -0.87805639, -0.10043048, -0.13416134, -0.3615744 , -0.07700292,
        1.76032255, -1.68306393,  0.26042228, -0.08742581,  1.01328884,
        1.10254426,  0.42848059,  0.30834728, -0.27405964,  0.91762709,
        1.0727234 , -0.79441083, -0.00514241,  1.66398409,  0.51396594,
        0.86284523,  1.6793229 , -0.6286798 , -0.35946041, -0.35850027]), array([-0.51314081, -0.37571556,  0.68800185,  0.72066125, -2.47739944,
        0.12868688,  0.18067261,  1.76493114,  0.47325807, -0.09738441,
       -2.70321613,  1.9176038 ,  0.9292271 , -0.93250125, -0.42132762,
       -0.87043237, -0.10285231, -0.14192371, -0.97227402, -0.48121948,
        1.73904713,  1.50430122,  1.02958066, -0.09236631,  1.00835942,
        1.13687594,  1.16856061,  0.33964843, -0.27708805, -3.00317248,
       -1.18386426, -0.76348575,  1.22017558,  1.67185518,  0.7251044 ,
       -0.71333637,  1.67194654, -0.65556922, -0.367251  , -0.35306392]), array([-0.24866223, -0.38772237,  0.68620079,  0.73982459, -2.49982691,
        0.11462564,  0.18373112,  1.77156802,  0.49214463,  1.56097073,
       -2.6936638 ,  1.91503668,  0.92807574, -0.93871219, -0.42777657,
       -0.88714839,  0.4447822 , -0.15062266, -0.97399963,  0.59531566,
        1.74318344,  0.47890165,  0.23136091, -0.11866723,  1.02286152,
        0.99896712,  1.18311212,  0.34188148, -0.26565744, -2.98742298,
        1.08217944, -0.77291462,  1.32579373,  1.64873592,  0.72553484,
       -0.67249124,  1.6924457 , -0.6552404 , -0.37578998, -0.35455023]), array([-0.55696382, -0.37986947,  0.65323453,  0.71939981, -2.5196776 ,
        0.11429331,  0.71235041,  1.76128428,  0.5394776 ,  0.13291775,
       -2.69292981,  1.92899018,  0.90573571, -0.93530447, -1.14529931,
        0.12999955, -0.08500798, -0.6785927 , -0.98771827, -0.4852036 ,
        1.76800769,  1.48442626, -0.8689276 , -0.10542056,  0.00517027,
        0.25985397,  1.19767704,  0.35579498, -0.26818754,  0.90814284,
        1.04994508, -0.77924622,  0.00580318,  1.67582658,  1.08750226,
        0.84101113,  1.67487505, -0.66228969, -0.34630499, -1.25789746]), array([-0.52426487, -0.38000479,  0.66872519,  0.73318135, -2.52451809,
        0.12196982,  0.70892282,  1.76234415,  0.51690443,  1.56637653,
        0.34444167,  1.90904049,  0.90938186, -0.92888515, -0.41234036,
       -0.88225463, -0.08631289, -0.17359857, -1.0105625 , -0.49605748,
        1.77854103,  1.49721196,  0.21065305, -0.08918629,  1.0458199 ,
        1.09466578,  1.19986231,  0.35791561, -0.28670582,  0.89653666,
        1.0721163 , -0.79631675,  0.00813258,  1.67037632, -1.0074358 ,
        0.86297711,  1.67665652, -0.68124905, -0.32746303, -0.34282801]), array([-0.51972829, -0.38467089,  0.68707506,  0.74240614, -2.50042679,
        0.12731021,  0.19646603, -0.65837231,  0.4914609 ,  1.54877157,
       -2.69677135,  1.92708275,  0.87770654, -0.94299383, -0.4354679 ,
       -0.87421621, -0.08763299, -0.15479045, -0.97697002, -0.47253239,
       -1.48178941,  1.49850813,  0.21285641, -0.09044862,  1.02345059,
        1.12463269,  1.19081184,  0.33186656, -1.98044562, -2.98683501,
        1.08936139, -0.77778093,  1.33745534,  1.66663429,  0.72179792,
       -0.72176391,  1.69382485, -0.66024082, -0.3755849 , -0.34073654]), array([-8.06722876e-01, -3.81708661e-01,  6.85246552e-01,  7.50765524e-01,
       -2.50565976e+00,  1.17307280e-01,  7.09110654e-01,  1.76906671e+00,
        5.25252800e-01,  1.53771759e+00, -2.70112820e+00,  1.92533345e+00,
        9.02205238e-01, -9.28408005e-01, -4.09489083e-01, -9.11339826e-01,
       -6.78478697e-02, -1.70340270e-01, -9.83363021e-01, -4.93504902e-01,
        1.78601895e+00,  1.48684609e+00,  2.16332698e-01, -7.37322766e-02,
        1.05875652e+00,  1.11600275e+00,  1.19991133e+00,  3.44191525e-01,
       -2.77510745e-01,  9.07236080e-01,  1.07997499e+00, -7.98039682e-01,
        2.07195216e-03,  1.67286493e+00,  1.09099713e+00,  8.44800834e-01,
        1.68513508e+00, -6.72171879e-01, -3.43656686e-01, -3.48560430e-01]), array([-0.52939408, -0.37077943,  0.69714014,  0.74671141, -2.51571659,
        0.10613543,  0.17682087,  1.79247628,  0.49151648,  1.55467768,
       -2.68957822,  1.91900765,  0.93246817, -0.92974641,  1.80093144,
       -0.88189776, -0.10302766, -0.16562095, -0.97839557, -0.08290291,
       -0.83945419,  1.49955022,  0.23463355, -0.10053489,  1.03012218,
        1.14156092,  1.17028256,  0.3145115 , -0.26878672, -2.99991061,
        1.07045765, -0.78627127,  1.33354227,  1.66982594,  0.74065457,
       -0.72759205,  1.67723877, -0.64511535, -0.37883158, -0.35860445]), array([-0.51221471, -0.35499792,  0.67203198,  0.72128988, -2.51249215,
        0.11433608,  0.70622463,  1.77051517,  0.53760607,  1.53845868,
       -2.68326411,  1.90336363,  0.90393141,  0.96399616, -0.41266487,
       -0.89959376, -0.08963348, -0.1500034 , -0.98585309, -0.48606035,
        1.76489412,  1.47401283,  0.2129277 , -0.10119573,  1.05130915,
        1.0915064 ,  1.17983775,  0.32871352,  0.07020809,  0.92002792,
        1.07683332, -0.77335426,  0.00884591,  1.68520633,  1.07657832,
        0.83216508,  1.6803768 , -0.66601438, -0.32134774, -0.35806138])] | [0.0007063306576388301, 0.0007120583264982843, 0.0007044359544284696, 0.0007117522178166706, 0.0007118672812229604, 0.0007076321015236427, 0.0007067573992194102, 0.0007129865324576257, 0.0007045381094372289, 0.0007169539640134573, 0.0007129222845803103, 0.0007134044959800961, 0.0007160434170022817, 0.0007190100965278535, 0.0007170953035563726, 0.0007271357134714947]
[array([-8.00531253e-01, -3.82850012e-01,  7.12788930e-01,  7.48592770e-01,
       -2.50576108e+00,  1.10716190e-01,  7.11366046e-01,  1.76925727e+00,
        5.29401271e-01,  1.54037902e+00, -2.69218885e+00,  1.93282968e+00,
        9.11744083e-01, -9.32201702e-01, -3.76303299e-01, -9.15453401e-01,
       -6.21661551e-02, -1.69226221e-01, -9.67014118e-01, -4.81312439e-01,
        1.78786351e+00,  1.48349156e+00,  2.13310950e-01, -9.47137303e-02,
        1.05066125e+00,  1.11003368e+00,  2.34879923e-01,  3.55728299e-01,
       -2.87144310e-01,  9.00562685e-01,  1.06819169e+00, -7.85205031e-01,
       -1.01075449e-03,  1.67596039e+00, -5.47391607e-01,  8.59106453e-01,
        1.67785934e+00, -6.71155561e-01, -3.40454887e-01,  2.55190156e-01]), array([-0.51935111, -0.3904326 ,  0.70036447,  0.72035285, -2.52025254,
        0.1128712 ,  0.17269721,  1.7926929 ,  0.46847098,  1.5583001 ,
       -2.70808533,  1.91645936,  0.92871978, -0.91807403,  1.81011763,
        0.7557184 , -0.10149292, -0.17460477, -0.98167573, -0.10027338,
       -0.85005694,  1.50106275,  0.22548586, -0.09154259,  1.03689946,
        1.15586594,  1.17792986,  0.32666418, -0.25897948, -2.99480969,
        1.07261573, -0.77844529,  1.32742414,  1.67520037,  0.73408541,
        0.61108875,  1.68882307, -0.65771636, -0.37686424, -0.37219048]), array([-0.8056784 , -0.40134462,  0.68418287,  0.75641661, -2.50071028,
        0.10423672,  0.70332405,  1.76056199,  0.54544561,  1.51799632,
       -2.71597054,  1.90451536,  0.90490997,  0.8042667 , -0.41450949,
       -0.91447146, -0.06017451, -0.16372491, -0.97808888, -1.45822699,
        1.78796546,  1.50351615,  0.20396206, -0.07526391,  1.04701265,
        1.0962106 ,  1.21194345,  0.35052934, -0.24817568,  0.90804501,
        1.079239  , -0.79101714,  0.00922477,  1.67896349,  1.08955861,
        0.84563719, -0.75567775, -0.66651961, -0.3398002 ,  0.80854731]), array([-0.52355707, -0.35985303,  0.66923324,  0.72260521, -0.30689125,
        0.10651476,  0.6928011 ,  1.76118452,  0.52444272,  1.5276253 ,
       -2.6856917 , -2.41861735,  0.88986499,  0.97528   , -0.41167484,
       -0.89900941, -0.0691055 , -0.16649394, -0.97905041,  0.07029365,
        1.76362498,  1.48801349,  0.21224493, -0.09101297,  1.06334489,
        1.10294513,  1.17872791, -0.47598989,  0.06530552,  0.91585709,
        1.07544829, -0.7738095 ,  0.00489514,  1.68710415, -0.03804539,
        0.83707266,  1.67592191, -0.6620002 , -0.33334227, -0.37100945]), array([-0.82924517, -0.38165999,  0.69979996,  0.76038855, -2.50288322,
        0.18885851,  0.72028499,  0.06612078,  0.52132728,  1.54120149,
        1.12941458,  1.91938879,  0.90985475, -0.91446387, -0.40479513,
       -0.89550967, -0.05915271, -0.17854818,  0.72851414, -0.50126722,
        1.78407499,  1.48588862,  0.20550392, -0.07816746,  1.10033903,
        1.11533213,  1.19746282,  0.31158826, -0.28902908,  0.91823258,
        1.08515034, -0.79760891, -0.01655368,  1.68648057,  1.09118908,
        0.86106953, -1.1991628 , -0.67392876, -0.35113174, -0.34853542]), array([-7.97937008e-01, -3.80287876e-01,  6.88182474e-01,  7.53421356e-01,
       -2.51853895e+00,  1.19817082e-01,  6.97596989e-01,  1.76656121e+00,
        5.20377923e-01,  1.55316466e+00, -2.68302504e+00,  1.90858293e+00,
        9.13920829e-01, -9.40745546e-01, -4.12666614e-01, -9.09552500e-01,
       -7.06711917e-02, -1.78337182e-01, -9.87854270e-01, -4.80934640e-01,
        1.78048759e+00,  1.46477338e+00,  2.08791814e-01, -6.21044529e-02,
        1.04646323e+00,  1.13008600e+00,  1.19757660e+00,  3.48171070e-01,
       -2.90478490e-01,  9.10499121e-01,  9.15915567e-02, -7.90575604e-01,
       -2.47833839e-04,  1.67208739e+00,  1.08122837e+00,  8.33278097e-01,
        1.67600505e+00, -6.78069225e-01, -3.60973887e-01, -3.42601295e-01]), array([-0.51431209, -0.35111402,  0.67480402,  0.71977579, -2.5200759 ,
        0.11501382,  0.69722427,  1.77399023,  0.54040774,  1.53782103,
       -2.67007908,  1.89551096,  0.90775512,  0.95027894, -0.40706551,
       -0.90117536,  0.8557035 , -0.15078193, -0.97925808, -0.46590252,
        1.75856718,  1.48736162,  0.22173919, -0.09170862,  1.03673964,
        1.09018305,  1.16646872,  0.3281203 ,  0.08551852,  0.92847255,
        1.06580605, -0.77269062,  0.01525958, -0.76936469,  1.09453014,
        0.8162929 ,  1.67092215, -0.674906  , -0.3147449 , -0.34239406]), array([-0.52680874, -0.36899895,  0.68782157,  0.74765657, -2.5093616 ,
        0.09776417,  0.18013864,  1.81340646,  0.47502503,  1.55371503,
       -2.69303944,  1.92088459,  0.95443258, -0.93562573,  1.80080102,
       -0.87529978, -0.1045129 , -0.16160513, -0.95907053, -0.08271834,
       -1.01419612,  1.50182809,  0.23804272, -0.0967858 ,  1.04141692,
        1.13879753,  1.17949525,  0.30461793, -0.25605954, -3.01500422,
        1.05935191, -0.77396337,  1.34030063,  1.66602906,  0.7552309 ,
       -0.73036523, -1.48646067,  0.46819531, -0.37750119, -0.35329708]), array([-0.52294861, -0.35658476,  0.68291556,  1.29029394, -1.55395635,
        0.10332393,  0.71521256,  1.77623333,  0.52776672,  1.53469   ,
       -0.30371711,  1.91244755,  0.90813539,  0.96466877, -0.39300285,
       -0.90046058, -0.08630564, -0.15188367, -1.01024365, -0.4851583 ,
        0.21728901,  1.47213908,  0.2209859 ,  0.77688623,  1.05680637,
        1.09668364,  1.16722426,  0.32534296,  0.0649536 ,  0.93378393,
        1.0702095 , -0.77706755,  0.00672584,  1.69022651,  1.06799408,
        0.8377249 ,  1.65332206, -0.66223955, -0.3456159 , -0.37151538]), array([-0.52232695, -0.34393471,  0.67207821,  0.72168425, -2.50745656,
        0.12977434,  0.71424356,  1.75831806,  0.53167166, -0.21177068,
       -2.69630108,  0.54546416,  0.90618384,  0.97511834, -0.40470355,
       -0.88828273, -0.08171953,  0.12761975, -0.97287719, -0.48720051,
        1.77201254,  1.47942744,  0.2163043 , -0.08933041,  1.05419985,
        1.08023245,  1.1902459 ,  0.33626781,  1.4599663 ,  0.91811532,
        1.0809463 , -0.76561196,  0.02344222,  1.68885454,  1.07456792,
        0.82990749,  1.67171746, -0.65647368, -0.31921051, -0.34507369]), array([-0.50281796, -0.34505653,  0.67426586,  0.7253262 , -2.49826684,
        0.10115839,  0.69724315,  1.77652214,  0.54136098,  1.52600956,
       -2.68909093,  1.91363176,  0.90325938,  0.96239049, -0.409132  ,
       -1.26623227, -0.08619855, -0.13861261, -0.9865778 , -0.49014872,
        1.78348533,  1.4708429 ,  0.19967525, -0.09678438,  1.05168447,
       -0.07473725,  1.19852451,  0.32700338,  0.07749949,  0.92964688,
        1.06913926, -0.78422929, -0.01346355,  1.67945836,  1.07858555,
        0.83208102,  1.67038901, -0.66402559, -0.28324006, -0.36477525]), array([-0.51896649, -0.36745066,  0.65225144,  0.73730734, -2.5157177 ,
        0.11119447,  0.69455834,  1.77831767,  0.52796644,  1.53720206,
       -2.68164956,  1.89502652,  0.49926342,  0.95926248, -0.41383161,
       -0.88529056, -1.63456503, -0.16209461, -0.99632147, -0.49171432,
        1.77844032,  1.47432628,  0.19433841, -0.08625823,  1.0463504 ,
        1.09021803,  1.18919551,  0.32087871,  0.07264041,  0.91770204,
        1.08634121, -0.76667654,  0.00851127,  1.67848426,  1.06369842,
        0.83318   ,  1.68890726, -0.66300275, -0.31497867, -0.34909315]), array([-0.51436435, -0.35906386,  0.69282164,  0.71580197, -2.5107517 ,
        0.11158913,  0.679312  ,  0.37276323,  0.29227249,  1.53749781,
       -2.69918271,  0.18343684,  0.90468937,  0.97147662, -0.41541729,
       -1.01186169, -0.09369892, -0.14427742, -0.9925386 , -1.22807787,
        1.7753367 ,  1.47828628,  0.20917708, -0.10432318,  1.0567301 ,
        1.08593667,  1.17717074,  0.32473162,  0.06532849,  0.93363394,
        1.06572592, -0.78071676,  0.01639241,  1.67832407,  1.06892798,
        0.84781924,  1.67572396, -0.67867175, -0.3203908 , -0.35880995]), array([ 1.99984729, -0.3524773 ,  0.67454663,  0.71410889, -2.52251328,
        0.1187219 ,  0.71459254,  1.76310934,  0.5303386 ,  1.54178527,
       -2.68320556,  1.90031141,  0.91216275,  0.95304576, -0.41172515,
       -0.89845042, -0.09468807, -0.13768029, -1.00528572, -1.42422724,
        1.77180974,  1.47324024,  0.21247921, -1.17042175,  1.06445566,
        1.08981283, -0.26802441,  0.32282218,  0.07867025,  0.93558967,
        1.0682791 , -0.76218799, -0.00302491,  1.71356043,  1.08175938,
        0.83881688,  1.66680872, -0.67730166, -0.31942148, -0.35900695]), array([-0.52768495, -0.35253307,  0.68810718,  0.7599311 , -2.51194213,
        0.13093733,  0.71230987,  1.77331162,  0.55968051,  1.54204228,
       -2.68785247,  1.89277652,  0.91008412,  0.50600054, -0.42293016,
       -0.89085576, -0.09333999, -0.14079352, -0.98371274, -0.47833043,
        1.77513559,  1.4712991 ,  0.21143879, -0.09657093,  1.05382296,
        1.10667851,  1.19603569,  0.32443433,  0.07085745,  0.93851483,
        1.06908964, -0.77245539, -0.01138176,  1.69242142,  1.08228857,
        0.83523238,  1.67275902, -0.67512228, -0.32101904, -0.35911846]), array([-0.51123332, -0.36786549,  0.66335138,  0.72011171, -2.50761278,
       -0.33710632,  0.70232681,  0.17946615,  0.5360288 ,  1.5523566 ,
       -2.67430234,  1.91759205,  0.8918182 ,  0.97099529, -0.41256393,
       -0.89957742, -0.086343  , -0.15817742, -0.98948759, -0.48910375,
        1.74931223,  1.47906627,  0.21956013, -0.1081228 ,  1.04453898,
        1.09191437,  1.17021746,  0.32408788,  0.08634706,  0.91263988,
        1.08042368, -0.76331697,  0.00448026,  1.66673589,  0.51500318,
        0.83304744,  1.68301845, -0.6776568 , -0.31985736, -0.35407685])] | [0.0006844711943396114, 0.0007131364889661707, 0.0007001897946432306, 0.0007166469524988907, 0.0007151206674545035, 0.0006961525464383324, 0.000700306535591095, 0.0007116665707217426, 0.0007203684115453217, 0.0006913746578627486, 0.0007069401655508756, 0.0007173701158145652, 0.0007054840744202273, 0.0006875904906975328, 0.0007055217134152364, 0.0007144554368476259]
